_tree_k1_w1_state.json
V = 10
No ans for N = 1
Ans for N = 2
((0, 0), (0, 1, 1, 1, 1, 1, 1, 1, 1, 1))
((0, 1), (0, 0, 1, 1, 1, 1, 1, 1, 1, 1))
((0, 2), (0, 0, 0, 1, 1, 1, 1, 1, 1, 1))
((0, 3), (0, 0, 0, 0, 1, 1, 1, 1, 1, 1))
((1, 3), (0, 0, 0, 0, 1, 1, 1, 1, 1, 1))
((2, 3), (0, 0, 0, 0, 1, 1, 1, 1, 1, 1))
((2, 4), (0, 0, 0, 1, 0, 1, 1, 1, 1, 1))
((3, 4), (0, 0, 0, 0, 0, 1, 1, 1, 1, 1))
((3, 5), (0, 0, 0, 0, 0, 0, 1, 1, 1, 1))
((3, 6), (0, 0, 0, 0, 0, 0, 0, 1, 1, 1))
((7, 6), (0, 0, 0, 0, 0, 0, 0, 0, 1, 1))
((8, 6), (0, 0, 0, 0, 0, 0, 0, 0, 0, 1))
((9, 6), (0, 0, 0, 0, 0, 0, 0, 0, 0, 0))
path len = 13
Counter = 13
0.000894 s
